Hours,Minutes,Seconds,Lat,Lon,Alt
14,52,6,41.45308166666667,84.29957666666665,183.7
14,52,8,41.453086666666664,84.29958166666665,183.7
14,52,9,41.45309166666666,84.29958166666665,183.7
14,52,14,41.45305499999999,84.29955833333334,183.7
14,52,21,41.453065,84.29958666666668,183.7
14,52,24,41.45305333333334,84.29958333333335,183.7
14,52,26,41.453129999999994,84.29942166666666,228.3
14,52,28,41.45313833333333,84.29943,228.2
14,52,34,41.45314499999999,84.29943333333334,229.0
14,52,38,41.45314499999999,84.29943333333334,229.0
14,52,41,41.45314499999999,84.29943333333334,229.0
14,52,45,41.45314499999999,84.29943333333334,229.0
14,52,48,41.45314499999999,84.29943333333334,229.0
14,52,51,41.45314499999999,84.29943333333334,229.0
14,52,54,41.45314499999999,84.29943333333334,229.0
14,53,1,41.45314499999999,84.29943333333334,229.0
14,53,5,41.45314,84.29943166666665,228.5
14,53,11,41.45313833333333,84.29943166666665,228.5
14,53,15,41.45313833333333,84.29943166666665,228.5
14,53,18,41.45313833333333,84.29943166666665,228.4
14,53,24,41.45313833333333,84.29943166666665,228.4
14,53,28,41.45313833333333,84.29943166666665,228.4
14,54,0,41.45312666666667,84.29959,213.5
14,54,4,41.45310833333333,84.29953333333333,219.6
14,54,10,41.45310333333334,84.29953166666668,219.8
14,54,18,41.45310333333334,84.29952999999999,219.8
14,54,19,41.45310333333334,84.29952999999999,219.8
14,54,25,41.45310333333334,84.29952999999999,219.9
14,54,32,41.45310166666666,84.29953166666668,219.9
14,54,35,41.45309666666667,84.29952999999999,219.9
14,54,36,41.453095,84.29953333333333,219.9
14,54,42,41.45308166666667,84.29954833333335,220.2
14,54,45,41.45307833333333,84.29954666666666,220.5
14,54,49,41.45311166666667,84.29956333333332,222.1
14,54,50,41.453120000000006,84.29961,223.5
14,54,53,41.45296166666667,84.29983333333332,235.3525
14,54,59,41.45292166666666,84.30004666666667,266.0
14,55,9,41.45298833333333,84.30060166666665,316.1
14,55,13,41.45299,84.30088333333333,335.5
14,55,19,41.45297000000001,84.30137666666666,360.7
14,55,23,41.452895000000005,84.30171,384.5
14,55,29,41.45272,84.30224333333332,412.8
14,55,38,41.45253833333333,84.30277,459.9
14,55,45,41.45274166666666,84.30322166666669,493.5
14,55,49,41.45288833333334,84.3034,512.6
14,55,52,41.45300333333333,84.30343999999998,525.9
14,55,59,41.453120000000006,84.303385,556.7
14,56,3,41.45321333333333,84.30328333333334,572.9
14,56,9,41.45348833333334,84.30318000000001,598.4
14,56,13,41.45369666666667,84.30309333333335,614.6
14,56,19,41.45401166666667,84.30292833333333,639.8
14,56,22,41.45416333333333,84.30278166666668,0
14,56,26,41.454303333333336,84.30254666666666,674.0
14,56,29,41.45438166666666,84.30241,691.4
14,56,33,41.45450833333333,84.30226666666667,714.6
14,56,36,41.45464333333333,84.30216166666666,731.7
14,56,39,41.45479,84.30206666666666,744.8
14,56,43,41.454989999999995,84.30192833333334,759.0
14,56,49,41.45519833333333,84.30180166666666,789.5
14,56,51,41.45524333333333,84.30175666666668,801.4
14,56,55,41.45531833333333,84.30159,825.9
14,56,58,41.45538499999999,84.30142,0
14,56,59,41.45541,84.30137166666667,848.9
14,57,5,41.45538666666666,84.30119,880.6
14,57,8,41.455369999999995,84.30111000000001,898.0
14,57,16,41.455324999999995,84.30103,943.7
14,57,19,41.45529,84.30092833333335,959.0
14,57,26,41.45538166666667,84.300665,992.7
14,57,29,41.45541333333334,84.30066333333335,1010.3
14,57,30,41.455425,84.30065666666665,0
14,57,36,41.45541333333334,84.30053500000001,1054.2
14,57,39,41.45543166666666,84.30043833333333,1073.0
14,57,46,41.4555,84.30024499999999,1116.3
14,57,49,41.455461666666665,84.30015499999999,1131.3
14,57,57,41.45549166666667,84.30018666666668,1170.5
14,58,10,41.45569999999999,84.29988166666665,1231.7
14,58,14,41.455731666666665,84.29989833333333,1251.0
14,58,20,41.45590833333334,84.29977833333332,1278.8
14,58,27,41.45595166666667,84.29950500000001,1318.5
14,58,34,41.456085,84.29930166666666,1361.0
14,58,37,41.45611666666667,84.29912166666666,1376.7
14,58,48,41.45622333333334,84.29848500000001,1426.5
14,58,58,41.45653166666666,84.29814999999999,1467.9
14,59,1,41.45662166666666,84.29805,1480.4
14,59,5,41.45672833333333,84.29793666666667,1499.9
14,59,8,41.45680333333333,84.29776333333332,1516.8
14,59,11,41.456868333333325,84.29763666666668,1535.0
14,59,14,41.456895,84.29740333333332,1548.7
14,59,18,41.456891666666664,84.29717000000001,1562.8
14,59,21,41.45688166666667,84.29702333333334,1576.1
14,59,24,41.456869999999995,84.29697999999999,1588.9
14,59,28,41.45688499999999,84.29692500000002,1602.9
14,59,38,41.45708333333334,84.29676666666667,1648.8
14,59,48,41.45712166666667,84.29622166666668,1696.5
14,59,58,41.457183333333326,84.29555,1737.7
15,0,4,41.457190000000004,84.29519499999999,1763.7
15,0,8,41.45719666666667,84.29513166666666,1781.3
15,0,18,41.45750833333333,84.29472166666667,1831.3
15,0,24,41.457634999999996,84.29444833333334,1868.6
15,0,28,41.457791666666665,84.29440166666667,1892.2
15,0,38,41.458299999999994,84.29401000000001,1942.8
15,0,44,41.458548333333326,84.29399333333335,1970.8
15,0,48,41.458618333333334,84.293895,1990.1
15,0,54,41.45883833333334,84.29356666666666,2016.2
15,0,58,41.45906333333334,84.29341000000001,2034.7
15,1,1,41.45919000000001,84.29336166666666,2052.3
15,1,4,41.45928333333333,84.29330333333334,2071.2
15,1,8,41.45939166666667,84.29311833333334,2092.1
15,1,14,41.45973000000001,84.29287500000001,2120.9
15,1,18,41.459885,84.29282833333333,2144.2
15,1,34,41.46057333333333,84.292545,2232.0
15,1,59,41.462016666666656,84.29231833333333,2361.1
15,2,6,41.46248833333334,84.29219666666668,2391.4
15,2,9,41.46259833333333,84.29210166666665,0
15,2,10,41.462626666666665,84.29208500000001,2411.1
15,2,13,41.462725,84.29208333333332,2427.6
15,2,16,41.462855000000005,84.29207333333333,2445.9
15,2,20,41.463088333333324,84.29200666666665,2469.5
15,2,30,41.463348333333336,84.29192666666668,2524.2
15,2,34,41.46353333333333,84.29210166666665,2540.2
15,2,54,41.46450333333334,84.29219666666668,2627.4
15,3,7,41.464780000000005,84.29259166666667,2697.3
15,3,18,41.46508166666668,84.292755,2749.7
15,3,24,41.46523666666667,84.29290333333331,2784.3
15,3,34,41.46549166666667,84.29298500000002,2840.9
15,3,38,41.465599999999995,84.29313666666667,2860.4
15,3,44,41.465920000000004,84.29324999999999,2890.3
15,3,48,41.466105,84.29319666666667,2909.4
15,4,7,41.46674333333333,84.293265,3013.8
15,4,10,41.46680166666667,84.29327333333335,30.0
15,4,21,41.467323333333326,84.29306333333334,3072.9
15,4,24,41.46748833333333,84.29303,3087.3
15,4,28,41.46767333333334,84.29292500000001,3104.4
15,4,34,41.467839999999995,84.29291333333335,3133.2
15,4,38,41.467913333333335,84.29296500000001,3153.4
15,4,41,41.467958333333335,84.29303499999999,3164.6
15,4,44,41.468045,84.29314833333335,3178.0
15,4,48,41.46822999999999,84.29330166666665,3198.3
15,4,54,41.46859833333333,84.29337666666667,3226.2
15,5,18,41.46961666666666,84.29375,3361.0
15,5,24,41.46983,84.29396999999999,3394.3
15,5,34,41.470073333333325,84.29430499999998,3443.7
15,5,41,41.47016833333334,0.0,129.0
15,5,48,41.47029166666666,84.29450833333334,3502.1
15,5,54,41.47034999999999,84.29452333333332,3524.1
15,5,58,41.47041833333333,84.29450666666668,3539.2
15,6,1,41.470481666666664,84.294465,3552.4
15,6,4,41.470535000000005,84.29442333333333,3564.8
15,6,8,41.470621666666666,84.29434666666666,3580.2
15,6,18,41.471064999999996,84.29428833333334,3634.4
15,6,24,41.47126333333334,84.29427666666668,3674.9
15,6,27,41.471426666666666,84.29424499999999,3693.6
15,6,34,41.471851666666666,84.29448,3727.8
15,6,38,41.472091666666664,84.29452666666666,3748.1
15,6,48,41.47241166666666,84.29465499999999,3802.8
15,6,51,41.47255166666667,84.29475166666667,3816.0
15,6,54,41.472718333333326,84.29480333333335,3830.4
15,7,4,41.47309833333334,84.29459333333334,3878.1
15,7,8,41.47319833333333,84.29460499999999,3902.5
15,7,24,41.47375333333333,84.29436499999998,3992.8
15,7,28,41.473924999999994,84.29436499999998,4019.6
15,7,31,41.473969999999994,84.29437166666666,4038.3
15,7,34,41.47409833333333,84.29426833333333,0
15,7,38,41.474315,84.29424833333333,4081.7
15,7,41,41.47452,84.29432,4094.3
15,7,44,41.47471,84.29434,4107.9
15,7,48,41.47495333333333,84.29427166666667,4128.9
15,7,58,41.47535666666666,84.29426666666669,4189.4
15,8,1,41.47553500000001,84.29420999999999,4208.2
15,8,4,41.47572333333333,84.29409333333334,4223.8
15,8,8,41.47602333333332,84.29403166666667,4240.8
15,8,14,41.476445,84.29403666666667,4269.8
15,8,18,41.476751666666665,84.29400166666667,4285.8
15,8,28,41.477476666666675,84.29395833333335,4331.1
15,8,34,41.47775166666667,84.29378,4358.1
15,8,38,41.47786333333333,84.29377000000001,4375.3
15,8,48,41.47839666666667,84.29374666666666,4431.9
15,9,4,41.47909,84.29325500000002,4504.8
15,9,7,41.479288333333336,84.29317999999999,4515.2
15,9,27,41.48012000000001,84.29268666666667,4618.6
15,9,30,41.48029,84.29266666666666,4631.3
15,9,37,41.480626666666666,84.29258,4661.3
15,9,40,41.480686666666664,84.29252,4677.7
15,9,41,41.48069666666667,84.29253166666668,4682.7
15,9,47,41.48070666666668,84.29260500000001,4711.4
15,9,50,41.48069666666667,84.29269666666666,4726.5
15,9,51,41.48070333333333,84.29272,4731.0
15,10,1,41.480684999999994,84.29303666666668,0
15,10,8,41.48060166666667,84.29300166666665,4814.2
15,10,14,41.48065666666666,84.29305166666667,4851.3
15,10,24,41.48060333333333,84.29276166666665,4900.7
15,10,28,41.48066333333333,84.29277166666667,4922.5
15,10,40,41.48068,84.29257333333335,4993.6
15,10,44,41.480716666666666,84.29240499999999,5015.8
15,10,48,41.48083499999999,84.29233500000001,5040.8
15,10,54,41.481085,84.29236333333334,5071.9
15,11,7,41.48141166666666,84.29215166666667,5155.2
15,11,11,41.481500000000004,84.29220500000001,25.0
15,11,17,41.48168999999999,84.29204666666668,5216.8
15,11,27,41.481865,84.29173166666666,5261.9
15,11,31,41.48203,84.29172666666666,5280.3
15,11,40,41.48233833333334,84.29149000000001,5321.0
15,11,44,41.48232500000001,84.29130500000001,5337.1
15,11,50,41.482318333333325,84.29101666666665,5358.3
15,11,54,41.482353333333336,84.29078666666668,5372.2
15,12,0,41.482485,84.29047333333334,5391.9
15,12,9,41.48284333333333,84.290355,5426.9
15,12,13,41.483006666666675,84.29032166666666,5443.1
15,12,23,41.48337,84.29024166666667,5486.5
15,12,27,41.48339333333333,84.29024333333334,0
15,12,33,41.48357666666667,84.29018333333333,5531.1
15,12,34,41.48361499999999,84.29014333333335,5536.8
15,12,37,41.48367499999999,84.29001333333332,2.0
15,12,44,41.483786666666674,84.289935,5595.5
15,12,51,41.48411833333333,84.28961333333334,0
15,13,4,41.48466333333334,84.28859499999999,5678.6
15,13,24,41.48563833333333,84.28772666666667,5752.1
15,13,28,41.485699999999994,84.28754833333332,5771.2
15,13,34,41.485865,84.28707666666666,5804.2
15,13,47,41.4864,84.286605,5870.0
15,13,50,41.48654333333334,84.28654999999999,0
15,13,54,41.48676833333334,84.286415,5903.4
15,13,58,41.487028333333335,84.286105,5923.1
15,14,4,41.48744833333333,84.28561666666668,5950.1
15,14,14,41.488121666666665,84.28477333333333,6001.8
15,14,18,41.488448333333324,84.28456,6023.0
15,14,24,41.488935000000005,84.28411666666668,6049.4
15,14,34,41.48956333333334,84.28373166666667,6094.0
15,14,44,41.490155,84.28303,6145.5
15,14,48,41.49037333333334,84.28263333333334,6164.3
15,15,0,41.491063333333344,84.28190666666666,6238.5
15,15,4,41.491188333333334,84.281615,6265.1
15,15,14,41.49189833333333,84.28092166666666,6308.8
15,15,21,41.492401666666666,84.28056,6330.8
15,15,24,41.492601666666665,84.28043666666666,6342.5
15,15,28,41.492779999999996,84.28024166666667,6361.0
15,15,31,41.49288,84.28013333333335,6371.7
15,15,34,41.49298333333333,84.27996833333333,6382.5
15,15,38,41.49318333333334,84.279835,6401.4
15,15,44,41.49364833333334,84.279455,6430.1
15,15,58,41.49451333333333,84.27813166666668,6486.7
15,16,4,41.49476166666667,84.277815,6516.9
15,16,8,41.495045,84.27763166666666,25.0
15,16,11,41.49527166666667,84.27739333333332,6556.6
15,16,14,41.49549833333334,84.2771,6567.9
15,16,18,41.495824999999996,84.27680166666666,6585.5
15,16,28,41.49653833333333,84.276465,6627.2
15,16,34,41.49683,84.27622000000001,6652.8
15,16,37,41.49694833333333,84.27605666666665,6663.9
15,16,48,41.497434999999996,84.275265,6711.0
15,17,0,41.49838166666667,84.27427000000002,0
15,17,8,41.49887833333334,84.27352666666665,6818.0
15,17,14,41.499411666666674,84.27299833333333,6848.4
15,17,38,41.501323333333325,84.27099833333332,7004.7
15,17,41,41.50152,84.27081000000001,7024.1
15,17,44,41.501718333333336,84.27072833333335,7037.3
15,17,48,41.50202666666667,84.27051166666666,7059.8
15,17,57,41.50261166666666,84.27005833333332,0
15,18,14,41.504081666666664,84.26857,7188.2
15,18,18,41.50457166666667,84.26833,7204.6
15,18,24,41.50527833333334,84.26791833333333,7239.7
15,18,28,41.50567833333333,84.26757833333335,7265.9
15,18,40,41.50701000000001,84.267335,0
15,19,0,41.508815000000006,84.26688,7408.3
15,19,1,41.508903333333336,84.26683499999999,0
15,19,14,41.510234999999994,84.26628166666666,7482.0
15,19,18,41.51080333333333,84.26616333333335,7505.0
15,19,24,41.511555,84.26581666666668,7537.9
15,19,34,41.51272833333334,84.26562833333334,7604.6
15,19,48,41.514379999999996,84.26533833333333,7698.6
15,19,54,41.51522833333333,84.26543500000001,7730.2
15,19,58,41.51587333333334,84.26547000000001,7747.7
15,20,7,41.51722499999999,84.26574666666666,0
15,20,11,41.51780833333334,84.26588833333332,7803.0
15,20,17,41.51880333333334,84.266055,7829.3
15,20,24,41.51981666666667,84.26634166666666,7860.8
15,20,40,41.52214833333334,84.26642333333332,7951.3
15,20,41,41.52229833333334,84.26644166666668,7958.8
15,20,54,41.52414999999999,84.26623166666668,8025.6
15,21,4,41.52579666666667,84.26633500000001,8079.4
15,21,18,41.52784,84.26727833333334,8145.5
15,21,24,41.52876,84.26769166666666,8173.6
15,21,28,41.52934333333333,84.26800333333334,8190.4
15,21,34,41.53026666666666,84.26843166666667,8224.1
15,21,51,41.53301833333333,84.26979666666666,8311.5
15,21,57,41.533926666666666,84.27037833333334,8339.1
15,22,0,41.53441833333333,84.27064833333334,8356.9
15,22,8,41.53580166666667,84.27101166666668,8394.7
15,22,20,41.53794666666666,84.27169333333335,845.0
15,22,21,41.53812500000001,84.27174333333332,1.0
15,22,33,41.53994666666667,84.27203499999999,8534.8
15,22,37,41.540569999999995,84.27208666666665,8549.6
15,22,43,41.541655000000006,84.27224499999998,8577.8
15,22,47,41.542388333333335,84.27252333333333,8601.7
15,22,54,41.54349833333334,84.27287499999998,8648.4
15,22,58,41.544266666666665,84.27296499999999,8671.5
15,23,1,41.544864999999994,84.27314333333334,8684.7
15,23,4,41.54546666666667,84.273255,8695.7
15,23,10,41.54655833333333,84.27355166666666,8735.0
15,23,40,41.55125666666666,84.27404666666668,8878.1
15,23,51,41.55343333333334,84.27467333333334,8933.9
15,24,4,41.55548666666667,84.27510499999998,9010.4
15,24,8,41.556106666666665,84.27520666666666,9038.9
15,24,17,41.557788333333335,84.27535166666667,9080.7
15,24,20,41.55826999999999,84.27536833333333,0
15,24,21,41.558416666666666,84.27538000000001,9103.5
15,24,33,41.560363333333335,84.27590000000001,9175.3
15,24,34,41.56054000000001,84.27590333333335,9180.5
15,24,40,41.56142666666666,84.27589166666667,9209.8
15,24,50,41.56303166666667,84.27618499999998,9272.7
15,24,53,41.56344666666667,84.27643666666667,9286.3
15,25,9,41.56562333333333,84.27742166666667,0
15,25,20,41.567436666666666,84.27808833333332,9413.0
15,25,23,41.56792833333334,84.27811000000001,9428.0
15,25,41,41.57039833333333,84.27838166666668,29.24
15,25,51,41.571985,84.27841166666667,9552.4
15,25,55,41.572643333333325,84.27843499999999,9571.5
15,25,58,41.573184999999995,84.278465,9583.7
15,25,59,41.57335666666666,84.27847666666666,0
15,26,5,41.57443333333334,84.27859833333332,9612.2
15,26,9,41.575178333333334,84.27867999999998,9631.5
15,26,15,41.57631166666667,84.27881333333335,9662.4
15,26,18,41.57682666666666,84.27881333333335,9681.2
15,26,19,41.57697666666666,84.27877666666667,9686.8
15,26,22,41.57740333333333,84.27873833333334,0
15,26,25,41.57781333333334,84.27875,9724.5
15,26,28,41.57817166666667,84.27874333333332,9736.4
15,26,32,41.578718333333335,84.27870333333334,9757.6
15,26,38,41.57957,84.27848999999999,9784.9
15,26,48,41.58089,84.27850500000001,9842.1
15,26,51,41.58130500000001,84.27857833333334,9863.1
15,26,52,41.581419999999994,84.27861,9869.5
15,27,1,41.582423333333324,84.27861166666668,9908.1
15,27,2,41.58253500000001,84.278605,9911.2
15,27,8,41.58322666666666,84.27850833333332,9932.2
15,27,9,41.583336666666675,84.27846999999998,9935.5
15,27,15,41.58399333333333,84.27837333333333,9963.7
15,27,18,41.58432833333333,84.27837166666669,0
15,27,19,41.584439999999994,84.27838666666666,9989.5
15,27,28,41.585435000000004,84.27863166666666,10036.1
15,27,35,41.585995000000004,84.27863833333335,10084.0
15,27,38,41.58623666666667,84.278465,10100.1
15,27,41,41.58649333333333,84.27829166666668,10112.7
15,27,42,41.58658833333334,84.27822999999998,0
15,27,48,41.58707666666666,84.27787000000002,10140.6
15,27,51,41.587315000000004,84.27769500000001,10150.6
15,27,54,41.58756833333334,84.27754166666666,10164.6
15,27,58,41.58799666666667,84.277365,0
15,28,1,41.58834166666667,84.27729833333333,10196.4
15,28,4,41.588674999999995,84.27726833333332,10207.6
15,28,10,41.589303333333326,84.277275,10235.9
15,28,17,41.59003166666666,84.27737833333335,10261.5
15,28,21,41.59038666666667,84.27738666666667,10285.2
15,28,27,41.59101999999999,84.27738166666668,10325.8
15,28,30,41.59139333333333,84.27735,10339.1
15,28,31,41.59149166666666,84.27735833333332,10345.1
15,29,4,41.59359333333334,84.277115,10565.6
15,29,30,41.594973333333336,84.27704,10683.8
15,29,40,41.59564999999999,84.27682000000001,10727.1
15,29,50,41.596358333333335,84.27658666666666,0
15,30,1,41.59688166666667,84.27618166666667,10848.1
15,30,10,41.597493333333325,84.27622000000001,10906.8
15,30,21,41.598866666666666,84.27608666666666,153022.0
15,30,27,41.59962,84.27609833333332,10987.7
15,30,37,41.60067666666667,84.27599000000001,11024.6
15,30,40,41.600931666666675,84.27602166666665,11034.9
15,30,51,41.60195333333333,84.27587833333334,11075.7
15,30,57,41.60263666666666,84.27579666666666,0
15,31,0,41.602975,84.27580666666667,0
15,31,7,41.60346,84.27583833333334,11155.9
15,31,11,41.60366666666667,84.27570499999999,0
15,31,14,41.60388833333333,84.27552333333333,11190.2
15,31,20,41.604434999999995,84.27513666666667,0
15,32,1,41.60824666666667,84.27300166666667,0
15,32,7,41.60886833333334,84.27287166666669,11438.7
15,32,11,41.60932,84.27262166666667,0.97
15,32,20,41.61026166666667,84.27211666666666,11487.6
15,32,37,41.61199833333333,84.270965,11547.8
15,32,40,41.61223333333334,84.27073333333334,11560.1
15,32,41,41.612335,84.27064333333334,11564.1
15,32,47,41.612806666666664,84.27024166666666,11586.5
15,32,50,41.613078333333334,84.27013666666666,11596.3
15,32,51,41.61315333333334,84.27008,11601.0
15,33,7,41.61446833333333,84.26873833333333,11694.5
15,33,10,41.61454333333333,84.26848833333334,117.0
15,33,21,41.614900000000006,84.26764999999999,11748.3
15,33,27,41.61508666666667,84.26722833333334,11773.8
15,33,37,41.61557666666666,84.266495,11807.7
15,33,40,41.61572666666666,84.26628000000001,118114.61
15,33,47,41.61611,84.26583166666666,11843.9
15,34,4,41.61720666666667,84.26468500000001,11914.0
15,34,17,41.618095,84.26351833333335,11961.1
15,34,27,41.618855,84.26264833333335,0
15,34,30,41.61907666666666,84.26237333333331,12007.154
15,34,37,41.61957,84.26190333333334,12034.3
15,34,47,41.62041166666666,84.26121666666668,120761.96
15,34,50,41.620670000000004,84.26094499999999,12088.7
15,34,51,41.62076666666667,84.26092500000001,12093.1
15,35,0,41.62145999999999,84.26024000000001,12132.6
15,35,3,41.62167833333333,84.25994166666666,12146.1
15,35,11,41.62244333333333,84.25919999999999,12182.6
15,35,17,41.62292000000001,84.25832833333334,122180.65
15,35,20,41.62310000000001,84.25782166666667,12232.5
15,35,23,41.623326666666664,84.25734166666668,12246.7
15,35,30,41.62381666666667,84.25630666666666,12270.4
15,35,33,41.62395333333334,84.25591166666666,12281.4
15,35,41,41.62448666666666,84.25480333333334,12309.0
15,35,48,41.624985,84.25379833333334,12334.8
15,35,54,41.62532666666666,84.25275833333332,12357.6
15,36,4,41.62585000000001,84.25099166666665,12394.2
15,36,21,41.62634,84.24819166666666,12483.6
15,36,27,41.626401666666666,84.24707333333332,12515.2
15,36,30,41.626470000000005,84.24660166666666,12526.3
15,36,40,41.62689,84.24485000000001,12567.2
15,36,41,41.626909999999995,84.24465000000001,12570.7
15,36,47,41.627101666666675,84.24359166666666,12594.8
15,36,50,41.627178333333326,84.24318333333333,0
15,36,51,41.62721333333334,84.24303333333334,0
15,37,0,41.62767166666666,84.24148666666666,12648.5
15,37,10,41.627878333333335,84.23961833333333,12684.5
15,37,24,41.62822333333334,84.23749166666667,12733.9
15,37,41,41.62871833333334,84.23521000000001,12797.2
15,37,51,41.62934166666667,84.23425999999999,12855.4
15,38,0,41.63008166666667,84.23340000000002,12893.6
15,38,10,41.63075166666666,84.23207666666667,12928.6
15,38,14,41.63105166666666,84.23162666666667,12942.4
15,38,30,41.63215333333333,84.22948833333334,12998.7
15,38,31,41.63222166666666,84.22934,0
15,38,41,41.63292499999999,84.22759666666667,13043.5
15,38,47,41.63328166666667,84.22669833333333,0
15,38,51,41.633625,84.22606666666667,13082.0
15,38,57,41.63416,84.22501166666667,13101.3
15,39,7,41.63494666666667,84.22338833333333,0
15,39,14,41.63545666666667,84.22225666666667,13160.4
15,39,24,41.63617333333333,84.22049666666665,13194.8
15,39,34,41.63691833333334,84.218835,13226.5
15,39,40,41.63732666666667,84.21785166666665,13248.7
15,39,54,41.638220000000004,84.21555500000001,13300.0
15,40,10,41.639635,84.21261000000001,13379.5
15,40,14,41.639935,84.21175833333334,13397.1
15,40,24,41.64074666666667,84.20971,13435.7
15,40,37,41.641605,84.20700666666669,0
15,40,40,41.64179666666667,84.20642833333335,13493.3
15,40,47,41.642286666666664,84.20509500000001,13517.4
15,40,51,41.642485,84.20432000000001,13529.6
15,40,57,41.64288166666667,84.20323333333333,13552.9
15,41,0,41.643045,84.20262,13564.9
15,41,1,41.64308333333334,84.20241333333334,13568.9
15,41,3,41.64316999999999,84.20204166666666,0
15,41,11,41.64363166666667,84.20047333333332,13604.7
15,41,17,41.64388999999999,84.1994,13627.7
15,41,21,41.644035,84.19866166666667,13643.9
15,41,34,41.644326666666664,84.19621666666666,13692.9
15,41,44,41.64457000000001,84.19440833333334,13730.2
15,42,7,41.645158333333335,84.19006833333333,13812.4
15,42,10,41.645224999999996,84.18948999999999,0
15,42,11,41.64525833333334,84.18932000000001,13828.0
15,42,14,41.645374999999994,84.18887833333335,154215.0
15,42,20,41.64554499999999,84.18778499999999,0
15,42,30,41.645846666666664,84.18610500000001,0
15,42,37,41.64603,84.18500166666666,13924.5
15,42,41,41.646035,84.18427833333332,13939.4
15,42,47,41.64620333333334,84.18333,13962.5
15,42,50,41.64624333333333,84.18277333333332,13972.8
15,42,51,41.64626166666667,84.18259166666667,13977.1
15,42,53,41.646305,84.18226166666666,0
15,43,0,41.646465000000006,84.18116333333334,0
15,43,3,41.646523333333334,84.18060833333332,0
15,43,7,41.64658333333333,84.18004166666667,0
15,43,11,41.64665,84.17936,14052.1
15,43,20,41.64674166666667,84.17794833333333,14085.4
15,43,21,41.64675333333333,84.17777166666669,14089.0
15,43,27,41.64688833333333,84.17682666666666,14111.2
15,43,40,41.647175,84.17470166666665,14165.3
15,43,41,41.64722666666667,84.17457666666665,0
15,43,54,41.647841666666665,84.17269166666668,14216.8
15,44,11,41.648444999999995,84.17030166666667,3.0
15,44,34,41.64947,84.16711166666667,14378.8
15,45,1,41.650863333333334,84.16343333333334,14506.9
15,45,10,41.651315000000004,84.16222833333335,14559.9
15,45,11,41.651390000000006,84.16207000000001,14565.4
15,45,37,41.65235166666666,84.15739666666666,0
15,45,47,41.652645,84.15565,14718.3
15,46,1,41.65306833333334,84.15306833333334,14772.7
15,46,11,41.65342666666667,84.15126166666666,14812.5
15,46,20,41.653755000000004,84.14980166666668,0.75
15,46,21,41.65380833333334,84.14960666666666,14852.0
15,46,27,41.654091666666666,84.14857666666667,14873.6
15,46,30,41.65418833333333,84.14805999999999,14886.2
15,46,34,41.654340000000005,84.14733666666667,0
15,46,37,41.65445666666666,84.14691666666667,14912.9
15,46,40,41.65459166666666,84.14644333333332,14925.5
15,46,43,41.65467166666667,84.14589,14937.2
15,46,46,41.65480666666667,84.14546166666666,14948.0
15,46,53,41.65521833333334,84.14452666666666,14980.5
15,46,56,41.655300000000004,84.144145,0
15,47,3,41.65558666666667,84.14328500000002,15032.4
15,47,6,41.65572,84.14289333333333,15049.8
15,47,10,41.65586666666666,84.14219833333333,0
15,47,16,41.656105,84.14133333333332,15107.0
15,47,19,41.656288333333336,84.14102666666668,15123.4
15,47,23,41.65659833333334,84.140605,15142.5
15,47,26,41.656861666666664,84.14020166666666,15157.7
15,47,29,41.65722833333333,84.13967333333333,15169.8
15,47,56,41.65969,84.13530166666666,15269.6
15,48,2,41.66012666666667,84.13431833333334,0
15,48,6,41.660385,84.13357333333333,22.0
15,48,9,41.660579999999996,84.13307833333334,4139.6
15,48,12,41.660828333333335,84.13261666666668,15327.6
15,48,15,41.66104,84.13212333333334,15340.2
15,48,18,41.66122666666667,84.13156,15351.5
15,48,19,41.66128333333333,84.13137499999999,15355.8
15,48,22,41.6615,84.13089999999998,0
15,48,25,41.66176666666667,84.13040833333335,15378.4
15,48,28,41.66199833333334,84.12980333333334,15388.3
15,48,32,41.66232,84.12904333333333,15402.8
15,48,51,41.66356166666666,84.12538,15473.6
15,48,54,41.663713333333334,84.12472833333335,15485.1
15,49,4,41.66427166666667,84.12279166666667,15521.6
15,49,7,41.664386666666665,84.12221666666667,0
15,49,17,41.664783333333325,84.12019166666666,15570.9
15,49,21,41.664928333333336,84.11946833333334,15585.7
15,49,27,41.665115,84.118275,15608.5
15,49,44,41.66565166666666,84.11505833333334,15675.6
15,50,0,41.666046666666674,84.112435,15738.0
15,50,1,41.66607166666666,84.11229666666668,0
15,50,7,41.66616666666667,84.11141166666667,15766.0
15,50,10,41.666258333333325,84.11086500000002,15777.4
15,50,20,41.666426666666666,84.10923833333332,15817.7
15,50,27,41.666619999999995,84.10815499999998,15846.9
15,50,38,41.666911666666664,84.10635166666667,15894.1
15,50,51,41.66738166666667,84.10396999999999,3.0
15,50,57,41.66762833333334,84.102815,15973.5
15,51,7,41.66793333333333,84.10088333333333,0
15,51,10,41.667991666666666,84.10031833333332,16028.8
15,51,20,41.66837833333334,84.098385,0
15,51,30,41.66873166666666,84.096375,16115.4
15,51,37,41.66899166666667,84.09480666666666,16144.9
15,51,41,41.66919166666666,84.09403166666668,16160.9
15,51,44,41.66929666666667,84.09337833333332,0
15,51,51,41.669504999999994,84.09198833333333,16204.2
15,52,10,41.66985,84.08832833333332,0
15,52,21,41.66993666666667,84.086295,16322.6
15,52,38,41.67026166666666,84.083195,16386.9
15,52,57,41.67070333333333,84.0799,16458.5
15,53,10,41.67120666666666,84.07790666666666,0
15,53,17,41.67144833333334,84.07677833333334,16534.1
15,53,20,41.671594999999996,84.07633166666668,16545.4
15,53,27,41.671785,84.07527333333334,16575.9
15,53,37,41.67207499999999,84.07377833333334,16617.2
15,54,0,41.67195333333334,84.07045333333332,0
15,54,1,41.67194666666666,84.07032499999998,16714.4
15,54,10,41.67173833333333,84.06931166666666,16752.3
15,54,17,41.67165333333334,84.06849833333332,16782.4
15,54,20,41.67156833333333,84.06820333333332,16796.1
15,54,23,41.671459999999996,84.06799000000001,22.0
15,54,24,41.67142833333334,84.06789833333332,16814.3
15,54,33,41.671396666666666,84.06684166666668,16853.9
15,54,40,41.67137833333333,84.06613333333334,16883.9
15,54,47,41.67134833333333,84.06539666666667,16919.2
15,54,53,41.671429999999994,84.06469,16948.2
15,55,7,41.67141333333334,84.06324166666667,17013.1
15,55,13,41.67147166666667,84.06256166666665,17038.7
15,55,26,41.67176833333333,84.06084000000001,17091.3
15,55,29,41.67183166666667,84.060515,17101.0
15,55,30,41.67183833333333,84.06038500000001,17104.3
15,55,33,41.671845,84.05994333333335,17117.7
15,55,42,41.67213166666667,84.05864000000001,0
15,55,46,41.67218166666667,84.05795666666667,14.0
15,55,59,41.672495,84.05567,17224.7
15,56,12,41.672535,84.05342666666665,17284.5
15,56,15,41.67256166666666,84.05289166666668,17299.2
15,56,26,41.672374999999995,84.05123166666665,17340.2
15,56,35,41.67231,84.04971666666667,17376.2
15,56,39,41.67219333333334,84.04898999999999,17391.0
15,56,45,41.67208833333334,84.04791833333333,17414.8
15,56,49,41.67207333333334,84.04719166666668,17430.5
15,56,59,41.671885,84.04522833333334,17464.7
15,57,5,41.67171,84.04411333333334,17488.0
15,57,9,41.671549999999996,84.04343500000002,17504.2
15,57,15,41.67143833333333,84.04253833333333,17526.7
15,57,19,41.671331666666674,84.04184500000001,17541.1
15,57,21,41.67130166666667,84.04147166666668,0
15,57,25,41.67125833333333,84.04082500000001,17562.677
15,57,26,41.671263333333336,84.04067333333333,17565.7
15,57,36,41.671124999999996,84.03916833333332,17605.2
15,57,42,41.671075,84.03820499999999,17629.9
15,57,45,41.67109000000001,84.03780499999999,17640.5
15,57,52,41.671191666666665,84.03690833333333,17670.3
15,57,56,41.67132,84.03633999999998,17689.4
15,58,9,41.67143333333333,84.03516833333333,17747.4
15,58,26,41.67160666666667,84.03361166666667,0
15,58,42,41.671834999999994,84.03257166666666,17887.5
15,58,52,41.67206666666666,84.03202000000002,17932.9
15,58,55,41.67206666666666,84.03186333333333,0
15,58,56,41.67206666666666,84.03182166666666,17947.0
15,58,59,41.67211833333334,84.03176,17960.1
15,59,15,41.67247166666666,84.0311,0
15,59,42,41.672848333333334,84.03050333333334,18134.1
15,59,46,41.67290333333334,84.03027166666668,18150.9
15,59,52,41.673030000000004,84.03014,18173.2
15,59,55,41.67306,84.03004333333335,18187.1
15,59,56,41.673066666666664,84.02998666666666,25.0
16,0,6,41.67321333333333,84.02958500000001,23.0
16,0,36,41.67373666666667,84.02827166666665,18376.6
16,0,52,41.674099999999996,84.02764,18445.7
16,1,5,41.67443166666667,84.02674999999999,0
16,1,9,41.674526666666665,84.02644833333333,18520.1
16,1,15,41.67466666666666,84.02599666666669,18543.9
16,1,19,41.67468833333334,84.025565,18560.8
16,1,29,41.674841666666666,84.02481166666666,18604.6
16,1,35,41.67498833333334,84.02432333333333,18630.4
16,1,46,41.67499333333333,84.02344166666666,18678.8
16,1,53,41.67495999999999,84.02308666666667,18709.7
16,1,59,41.67497,84.02264500000001,18734.7
16,2,3,41.67492166666666,84.02247000000001,18752.0
16,2,16,41.67476333333334,84.02151833333333,18806.2
16,2,19,41.674794999999996,84.02123166666667,18818.8
16,2,33,41.67480833333334,84.020245,18878.4
16,2,42,41.67478833333333,84.01932333333335,18918.3
16,2,45,41.67483666666667,84.01909666666667,0
16,2,49,41.67496333333334,84.01879833333332,18949.1
16,3,5,41.67511666666666,84.01752666666668,19018.6
16,3,15,41.675201666666666,84.01718833333334,19061.8
16,3,22,41.675255,84.016885,19092.1
16,3,33,41.67546333333333,84.01653999999999,19139.8
16,3,39,41.67555000000001,84.01638499999999,19168.5
16,3,49,41.67549333333333,84.01609833333332,19209.3
16,3,53,41.67554,84.01595833333334,19224.5
16,4,5,41.67542666666667,84.01549500000002,19273.4
16,4,13,41.675335,84.01507166666667,19306.4
16,4,16,41.675250000000005,84.01500333333334,0
16,4,26,41.67512,84.01464,19360.9
16,4,29,41.67510666666667,84.01457666666666,19373.4
16,4,42,41.67525833333334,84.01433166666666,0
16,4,43,41.67528000000001,84.01435833333335,19440.5
16,4,59,41.67562833333333,84.01431499999998,19511.5
16,5,12,41.67607833333333,84.01426500000001,19562.0
16,5,25,41.67668833333334,84.01419499999999,0
16,5,32,41.67709333333334,84.01418,19641.5
16,5,39,41.67742,84.01409666666665,19670.0
16,6,2,41.67837666666666,84.01384666666667,19765.3
16,6,5,41.6785,84.01379999999999,19777.2
16,6,16,41.678540000000005,84.013645,19821.8
16,6,19,41.67865833333334,84.01360666666666,19833.6
16,6,32,41.67889166666667,84.01343333333334,0
16,6,35,41.67890333333333,84.01336833333335,19896.9
16,6,36,41.67891666666666,84.01334,19901.0
16,6,45,41.67919833333334,84.01336,19945.1
16,6,52,41.67937666666667,84.01338333333334,19975.4
16,6,55,41.679465,84.01348000000002,19986.2
16,7,13,41.67984166666667,84.01339166666666,20060.7
16,7,29,41.68062,84.01318,20136.0
16,7,33,41.680785,84.01320499999999,20154.1
16,7,36,41.68089166666667,84.01315166666667,20168.6
16,7,39,41.681020000000004,84.01298,20181.1
16,7,43,41.68112833333333,84.01283,20200.9
16,7,49,41.681241666666665,84.01277999999999,20227.0
16,7,53,41.68129666666667,84.01259666666668,20243.9
16,7,55,41.68130666666666,84.01253,20253.2
16,7,59,41.68139166666666,84.012495,20271.9
16,8,13,41.68162833333334,84.01240833333334,20338.3
16,8,19,41.68164166666667,84.01227166666668,20366.5
16,8,23,41.68167666666667,84.01237833333334,20384.8
16,8,26,41.68168666666667,84.01236666666667,20398.4
16,8,29,41.68172,84.01228333333331,20411.2
16,8,33,41.68171166666666,84.01232333333334,20428.4
16,8,55,41.681685,84.01271166666666,20526.7
16,8,59,41.68176833333334,84.01284666666668,20543.5
16,9,2,41.68185666666667,84.01288500000001,20559.5
16,9,5,41.68192166666666,84.01285166666666,20573.5
16,9,13,41.682153333333325,84.01291333333332,20611.7
16,9,22,41.68244333333334,84.01262833333334,20655.3
16,9,25,41.682585,84.01257333333334,0
16,9,33,41.682765,84.01215333333333,20706.2
16,9,43,41.683170000000004,84.0116,20751.1
16,9,49,41.683455,84.01122333333333,20777.6
16,9,53,41.68369500000001,84.01088333333334,20796.1
16,9,59,41.683854999999994,84.010395,20823.5
16,10,5,41.68411166666667,84.00991166666667,20850.6
16,10,12,41.68427333333334,84.00947,0
16,10,33,41.68447333333334,84.00866166666668,20971.5
16,10,39,41.68450666666666,84.00840166666667,20996.4
16,10,43,41.68438833333333,84.00832999999999,21014.3
16,10,49,41.684306666666664,84.00812499999999,21040.5
16,10,52,41.684195,84.00803333333333,21053.1
16,10,56,41.68400666666666,84.00798000000002,21070.9
16,11,2,41.68390666666666,84.00785666666667,21097.1
16,11,6,41.68367833333333,84.00775,21115.4
16,11,12,41.68346833333333,84.00768333333332,21142.0
16,11,16,41.68328666666666,84.00762166666667,21159.6
16,11,19,41.68308166666667,84.00756000000001,21171.5
16,11,23,41.682943333333334,84.00744166666667,21188.6
16,11,49,41.68231666666667,84.00684666666666,21301.4
16,11,55,41.68216,84.00661,21328.1
16,11,56,41.682141666666666,84.00658833333334,21333.1
16,12,2,41.68209333333333,84.00653833333332,21357.6
16,12,23,41.68175166666666,84.00608833333332,21451.3
16,12,32,41.68157666666666,84.00601999999999,0
16,12,36,41.68161166666667,84.00594166666666,21511.3
16,12,42,41.68151666666666,84.00589166666666,21536.6
16,12,45,41.68146333333334,84.00582833333334,21550.5
16,12,49,41.68144,84.00564666666666,21568.6
16,12,53,41.681421666666665,84.00547666666668,21589.1
16,12,59,41.681325,84.00526666666669,21617.1
16,13,6,41.68122666666667,84.00499999999998,0
16,13,9,41.68118,84.00491833333332,21666.2
16,13,12,41.68115833333333,84.00472166666665,0
16,13,25,41.681106666666665,84.004175,21743.4
16,13,26,41.6811,84.00412,22.0
16,13,29,41.681050000000006,84.00403999999999,21762.7
16,13,33,41.68100833333333,84.00385666666668,21782.4
16,13,42,41.68096166666666,84.00340333333334,21825.6
16,13,49,41.681055,84.00292833333333,21858.8
16,14,2,41.68108,84.002155,2192.0
16,14,5,41.68104166666667,84.00201666666665,0
16,14,12,41.68109333333334,84.00136166666668,21968.0
16,14,15,41.68102999999999,84.001175,21981.2
16,14,19,41.680948333333326,84.00095166666667,21999.2
16,14,22,41.680915000000006,84.00070166666667,0
16,14,32,41.68074,84.00022833333333,22058.2
16,14,42,41.68041166666667,83.99969166666666,22103.1
16,14,52,41.680035,83.99915666666666,22151.3
16,14,55,41.679919999999996,83.999105,0
16,15,3,41.679723333333335,83.99873833333335,22203.8
16,15,19,41.679035000000006,83.998345,22279.8
16,15,23,41.67894833333333,83.99817499999999,22298.5
16,15,29,41.67867833333333,83.99817333333334,22325.7
16,15,35,41.678471666666674,83.99801166666666,22354.0
16,15,39,41.678313333333335,83.99798666666666,22373.4
16,15,42,41.67818166666666,83.99803666666666,22387.8
16,15,43,41.67815333333333,83.99802666666668,22392.8
16,15,45,41.678125,83.99797333333332,0
16,15,52,41.67797333333333,83.99793833333334,22434.5
16,15,55,41.677929999999996,83.99792833333335,22448.5
16,15,59,41.67796833333333,83.99781999999999,22466.3
16,16,19,41.677908333333335,83.99761333333332,22557.4
16,16,25,41.67789166666667,83.99740500000001,0
16,16,35,41.67771166666667,83.99718333333334,0
16,16,42,41.677433333333326,83.997115,22663.8
16,16,49,41.67723666666667,83.99684666666666,22698.0
16,17,9,41.676824999999994,83.99689833333332,22787.8
16,17,13,41.67669833333333,83.99689833333332,22806.7
16,17,19,41.676541666666665,83.99672333333335,22835.7
16,17,22,41.676545000000004,83.99667666666667,22847.7
16,17,25,41.67657166666666,83.99661833333333,22860.9
16,17,29,41.67650333333333,83.99651666666665,22879.1
16,17,39,41.67642666666667,83.99630499999999,22926.8
16,17,43,41.676308333333324,83.99613166666668,22945.8
16,17,49,41.676305,83.99600166666666,22972.7
16,17,53,41.676249999999996,83.99580333333333,22990.5
16,18,5,41.67609666666667,83.99533666666666,0
16,18,9,41.67598833333333,83.995145,23063.9
16,18,13,41.675945,83.995125,23080.4
16,18,19,41.67581833333334,83.99503166666666,23105.5
16,18,22,41.675745000000006,83.99494833333334,23119.1
16,18,33,41.675655000000006,83.99497500000001,23165.3
16,18,39,41.67558666666667,83.99505166666668,23191.3
16,18,43,41.675555,83.99518666666667,23210.2
16,18,49,41.675578333333334,83.99518833333335,23236.1
16,18,53,41.67554833333334,83.99529666666668,23253.1
16,18,59,41.67553666666666,83.99516166666666,23279.5
16,19,9,41.67547666666666,83.99533500000001,23325.7
16,19,13,41.67545499999999,83.99535666666667,23344.0
16,19,49,41.67492833333334,83.99570166666666,23511.9
16,19,52,41.674854999999994,83.99559833333333,23526.8
16,19,55,41.67479166666667,83.99561,23540.1
16,20,5,41.67447666666667,83.99533166666667,0
16,20,9,41.674381666666676,83.99532166666668,23605.3
16,20,13,41.67433166666667,83.99515166666667,23625.0
16,20,19,41.67429833333334,83.995005,23653.5
16,20,23,41.67423166666667,83.99500833333335,23670.4
16,20,33,41.67407333333334,83.99490666666667,23716.5
16,20,43,41.673928333333336,83.99497500000001,23764.7
16,20,49,41.673915,83.99527166666667,23794.3
16,21,9,41.67367333333333,83.99580166666668,23890.5
16,21,13,41.67361833333333,83.99588666666665,23911.1
16,21,23,41.67338500000001,83.99589499999999,23960.2
16,21,33,41.67309333333333,83.99575166666666,24009.6
16,21,42,41.67291166666667,83.99568333333333,24050.6
16,21,49,41.672838333333324,83.99586333333333,24085.5
16,21,53,41.672736666666665,83.99594499999999,24104.1
16,21,59,41.672693333333335,83.99611166666666,24131.9
16,22,5,41.67275333333334,83.99626833333332,24160.3
16,22,15,41.67289000000001,83.99646166666668,24207.2
16,22,19,41.67286666666667,83.99651333333334,24225.0
16,22,29,41.67300166666667,83.99683166666667,24272.7
16,22,33,41.67300166666667,83.996935,24290.3
16,22,43,41.673246666666664,83.99729666666666,24340.8
16,22,49,41.67340833333333,83.997485,24369.0
16,22,53,41.67359166666667,83.99763833333333,24388.0
16,22,59,41.67368166666667,83.99789833333334,24416.9
16,23,13,41.674191666666665,83.99855000000001,24482.8
16,23,19,41.67450833333334,83.99871499999999,24511.7
16,23,33,41.67486999999999,83.99895166666666,24578.8
16,23,43,41.67501833333334,83.99905166666667,24624.5
16,23,52,41.67508833333333,83.99905666666668,24667.4
16,24,13,41.67546333333333,83.99921666666665,24765.6
16,24,19,41.675498333333344,83.99920166666668,24793.3
16,24,23,41.675563333333336,83.99928,24811.9
16,24,29,41.67559166666667,83.99920166666668,24836.7
16,24,35,41.675785,83.99931166666666,24867.3
16,24,59,41.67651000000001,83.99949333333333,24983.5
16,25,13,41.67729333333333,83.99963333333332,25052.0
16,25,23,41.67787833333333,83.99968666666668,25101.4
16,25,32,41.67843833333333,83.99987666666667,2.0
16,25,42,41.679111666666664,83.99978833333334,25191.5
16,25,46,41.67939333333334,83.99985166666666,0.0
16,25,53,41.679823333333324,83.99975500000001,25247.8
16,26,2,41.68048833333334,83.99989,25291.9
16,26,5,41.68066166666667,83.99989166666667,25307.0
16,26,12,41.68108833333334,84.000175,25341.4
16,26,16,41.68122833333334,84.00023333333333,25360.4
16,26,19,41.68133666666666,84.00026166666666,25375.2
16,26,22,41.68144,84.00035166666666,25390.4
16,26,25,41.68159000000001,84.00047666666666,25404.6
16,26,29,41.68175166666666,84.00059000000002,25425.9
16,26,36,41.68189833333333,84.000635,25457.9
16,26,39,41.68196666666666,84.00074833333335,25472.2
16,26,49,41.682233333333336,84.00083000000001,25524.0
16,27,5,41.682570000000005,84.00095166666667,0
16,27,9,41.682718333333334,84.00101166666667,25623.7
16,27,13,41.68287,84.00106333333333,25645.0
16,27,19,41.683011666666665,84.00095166666667,25674.6
16,27,25,41.68319499999999,84.00111166666666,0
16,27,33,41.683463333333336,84.00106833333332,25744.8
16,27,43,41.683975,84.00106166666667,25792.1
16,27,59,41.68490166666667,84.00078666666668,25867.7
16,28,5,41.685174999999994,84.00071666666666,25898.9
16,28,12,41.68531500000001,84.00053333333332,25932.5
16,28,25,41.68577666666667,84.00014833333334,25995.8
16,28,32,41.685885000000006,84.00001666666667,26028.1
16,28,39,41.686163333333326,83.99989,26062.7
16,28,42,41.686211666666665,83.9998,26076.1
16,28,49,41.686593333333334,83.99964,26110.1
16,28,53,41.68675666666666,83.99954000000001,26130.5
16,29,2,41.687185,83.99935333333333,26173.4
16,29,13,41.68770166666666,83.998955,26227.7
16,29,19,41.68819833333334,83.99868833333333,26255.7
16,29,23,41.68848833333333,83.99849,26275.3
16,29,32,41.68893833333333,83.99791833333332,26318.3
16,29,36,41.68915833333334,83.99773666666667,26338.7
16,29,43,41.689251666666664,83.99726333333335,26373.6
16,30,3,41.689281666666666,83.99596000000001,26467.4
16,30,9,41.689330000000005,83.99558666666665,26494.3
16,30,12,41.689363333333326,83.99530666666666,26506.7
16,30,13,41.689375000000005,83.99523333333333,26511.6
16,30,19,41.68947166666667,83.99494833333334,26538.2
16,30,32,41.68949666666667,83.99413000000001,26596.4
16,30,42,41.689474999999995,83.99337500000001,26641.4
16,30,49,41.689525,83.99301833333332,26674.7
16,30,55,41.68944333333334,83.99259333333333,26701.8
16,31,2,41.68951333333333,83.99218666666665,26732.3
16,31,12,41.689600000000006,83.99130500000001,26780.3
16,31,25,41.68980499999999,83.99015499999999,26839.7
16,31,26,41.689836666666665,0.0,2.0
16,31,33,41.689996666666666,83.98979,26876.1
16,31,46,41.68999,83.98927166666665,26932.5
16,31,49,41.68999333333333,83.98919499999998,26947.7
16,31,53,41.689960000000006,83.98907499999999,26966.7
16,32,2,41.68993166666667,83.98872666666666,27008.2
16,32,6,41.689975000000004,83.988545,27029.0
16,32,35,41.68989,83.98644333333336,27172.916
16,32,42,41.689748333333334,83.98589166666667,27208.2
16,32,46,41.689781666666676,83.98554,27225.4
16,32,52,41.68970833333333,83.98492,27258.2
16,32,55,41.689634999999996,83.984585,0
16,33,19,41.689420000000005,83.98226833333335,27392.2
16,33,23,41.689273333333325,83.98202333333332,27412.8
16,33,29,41.68925833333333,83.98172166666667,27444.2
16,33,33,41.68927,83.98154333333332,27464.3
16,33,42,41.68906833333334,83.98128166666666,27506.9
16,33,59,41.68908,83.98113166666666,27575.3
16,34,13,41.68907166666666,83.981065,27642.0
16,34,23,41.68918,83.98120833333333,27690.7
16,34,29,41.689228333333325,83.981245,27718.5
16,34,45,41.689546666666665,83.98158166666666,0
16,34,52,41.689705000000004,83.98185833333334,27828.5
16,34,56,41.68991833333333,83.98190166666667,27845.9
16,34,59,41.69007,83.98191333333334,27860.8
16,35,2,41.69017999999999,83.98188999999999,0
16,35,9,41.69036500000001,83.981845,27906.8
16,35,13,41.69059000000001,83.98187166666666,27924.5
16,35,32,41.691288333333326,83.98138833333333,28017.2
16,35,36,41.69133166666667,83.98122166666666,0
16,35,42,41.69144333333334,83.98107999999999,28069.0
16,35,45,41.69154666666667,83.98108500000002,0
16,35,52,41.69161166666666,83.98085166666667,28117.8
16,36,2,41.69187,83.98070000000001,28167.4
16,36,5,41.69193166666667,83.98065333333334,0
16,36,6,41.69193,83.98062666666668,28187.2
16,36,9,41.691964999999996,83.98057666666666,28202.4
16,36,13,41.692076666666665,83.98063333333333,28223.3
16,36,19,41.692283333333336,83.98071499999999,28254.5
16,36,23,41.692418333333336,83.98058,28274.5
16,36,29,41.69270333333334,83.98045166666667,28303.5
16,36,33,41.692965,83.98042333333333,28323.0
16,36,42,41.69345833333333,83.98014666666668,28364.7
16,36,43,41.69352666666667,83.98010500000001,28369.7
16,36,53,41.69428833333333,83.97972499999999,28417.3
16,37,2,41.694826666666664,83.97934166666667,28461.4
16,37,9,41.69519666666667,83.97906166666668,28496.9
16,37,12,41.695311666666676,83.97894833333334,28512.8
16,37,13,41.69536166666667,83.97891666666668,28518.2
16,37,23,41.69585833333334,83.97869833333334,28566.2
16,37,29,41.69603,83.97847333333333,28595.8
16,37,33,41.69629666666666,83.97841666666666,28613.9
16,37,42,41.696780000000004,83.978125,28658.1
16,37,45,41.69698166666667,83.97805333333332,0
16,37,53,41.69762666666667,83.97785333333334,28709.4
16,38,9,41.699155000000005,83.97734666666665,28785.9
16,38,13,41.699505,83.977135,28803.6
16,38,19,41.70003666666666,83.976835,28832.1
16,38,23,41.700455,83.97673166666667,28849.4
16,38,33,41.701265,83.97609666666668,28897.2
16,38,42,41.70179499999999,83.97561499999999,28938.2
16,38,45,41.701969999999996,83.97547833333334,28953.4
16,38,52,41.70252833333334,83.97513166666667,28982.1
16,39,16,41.70410166666667,83.97413333333334,0
16,39,19,41.704305000000005,83.97406333333332,29105.8
16,39,22,41.70455833333334,83.97393166666667,29119.6
16,39,35,41.70556166666667,83.97359833333333,29177.0
16,39,39,41.705875,83.973445,29194.3
16,39,42,41.706140000000005,83.97325000000001,29206.3
16,39,43,41.70622,83.97319999999999,29211.2
16,40,9,41.70835,83.97142833333334,29326.8
16,40,13,41.708785000000006,83.97107833333332,29344.2
16,40,19,41.70936166666667,83.97055,29371.2
16,40,43,41.710948333333334,83.96753166666667,29477.1
16,40,49,41.711306666666665,83.96662833333333,29501.6
16,40,55,41.71160833333333,83.96598166666666,0
16,40,59,41.711761666666675,83.96554833333333,29542.2
16,41,12,41.71198,83.96405166666666,29597.5
16,41,16,41.71207,83.96375166666667,29611.1
16,41,19,41.71212166666666,83.96345333333332,29625.8
16,41,22,41.712178333333334,83.96311166666668,29639.3
16,41,26,41.712245,83.96261666666666,29657.8
16,41,33,41.71247,83.96200500000002,29688.8
16,41,43,41.71259166666667,83.96129166666667,29734.6
16,41,49,41.71266166666666,83.96095666666666,29762.0
16,41,53,41.71274166666667,83.96080333333333,29780.3
16,41,59,41.712761666666665,83.96049999999998,29809.1
16,42,12,41.712935,83.95988000000001,29870.3
16,42,22,41.71286,83.95961000000001,29920.6
16,42,35,41.712894999999996,83.95986999999998,29949.5
16,56,53,41.752535,83.89835666666667,8779.2
17,0,42,41.768278333333335,83.886365,6272.7
17,0,48,41.76838333333333,83.88586833333332,6147.0
17,0,52,41.76826333333334,83.88573333333333,6119.7
17,0,55,41.76834833333334,83.885395,6101.3
17,0,58,41.768409999999996,83.88531833333333,6083.8
17,1,1,41.76834,83.88516,0
17,1,2,41.76829166666666,83.88506666666666,0
17,1,5,41.768254999999996,83.88483999999998,6050.1
17,1,8,41.76830666666667,83.88477166666668,6032.8
17,1,15,41.76818,83.88425166666666,5957.6
17,1,16,41.76821499999999,83.88418000000001,5946.5
17,1,22,41.768119999999996,83.88399499999998,5882.6
17,1,25,41.76811333333333,83.88371166666666,5850.4
17,1,32,41.76816,83.88365833333334,5778.8
17,1,39,41.76836333333334,83.883415,5706.2
17,1,43,41.76829666666666,83.88340500000001,5664.0
17,1,46,41.76825333333333,83.88317666666666,5633.7
17,1,49,41.76834833333334,83.88293666666665,5602.8
17,1,53,41.76853500000001,83.88287666666665,5561.7
17,2,9,41.76875,83.88230166666666,5393.0
17,2,12,41.76881333333334,83.88237,5361.9
17,2,19,41.768694999999994,83.88239,5290.1
17,2,23,41.76874833333333,83.88215333333333,5248.4
17,2,29,41.76887,83.88225499999999,5185.3
17,2,39,41.76897999999999,83.88203166666666,5080.6
17,2,43,41.76899,83.88224166666666,5037.8
17,2,49,41.768908333333336,83.88247333333332,4977.4
17,2,53,41.768831666666664,83.88243166666668,4936.5
17,2,59,41.769088333333336,83.88246666666667,4875.5
17,3,8,41.76922,83.88223166666667,4787.3
17,3,12,41.76948833333333,83.88215333333333,4749.2
17,3,18,41.76990166666666,83.88212,4692.7
17,3,21,41.770091666666666,83.88214333333332,4664.7
17,3,22,41.770148333333324,83.882155,4655.2
17,3,29,41.770521666666674,83.88229500000001,4589.9
17,3,33,41.77072833333333,83.88234333333334,4553.5
17,3,43,41.77130833333334,83.88212999999999,4461.7
17,3,49,41.77160166666666,83.88177333333333,4407.3
17,3,53,41.77170666666666,83.88143833333334,4370.7
17,4,2,41.771595,83.88098666666669,4288.8
17,4,13,41.77148833333334,83.88103166666666,4189.5
17,4,19,41.77137833333333,83.88061,4136.8
17,4,23,41.771298333333334,83.88050666666668,4102.0
17,4,29,41.77155833333333,83.88053666666669,4047.9
17,4,33,41.77175666666667,83.880255,4011.9
17,4,45,41.77182666666666,83.88015333333333,3905.2
17,4,56,41.77221833333333,83.87968333333335,-33.7
17,5,15,41.77230666666666,83.87935,3648.2
17,5,23,41.77208333333333,83.87907333333332,3582.4
17,5,29,41.771945,83.87890166666666,3532.7
17,5,33,41.771883333333335,83.87901166666667,3500.1
17,5,39,41.771834999999996,83.87917999999999,3451.5
17,5,43,41.77195,83.87936166666665,3418.3
17,5,53,41.77251,83.87961500000002,3337.2
17,5,59,41.77282166666667,83.87938666666666,3288.6
17,6,3,41.77290166666667,83.87918166666665,3255.3
17,6,23,41.77292666666667,83.87891666666668,3090.2
17,6,41,41.77320833333333,83.8787,2947.8
17,6,51,41.773250000000004,83.87917333333334,2867.4
17,6,55,41.77345833333334,83.87934333333332,2834.8
17,6,59,41.77369166666667,83.87934666666666,2802.3
17,7,5,41.77387333333333,83.87909999999998,2753.9
17,7,9,41.773798333333325,83.87906999999998,0
17,7,15,41.773988333333335,83.87924166666666,2671.7
17,7,19,41.77422833333333,83.87917,2640.9
17,7,26,41.77457166666667,83.87886666666667,2585.9
17,7,32,41.77475333333334,83.878485,2537.7
17,7,35,41.774800000000006,83.87830000000001,2513.9
17,7,39,41.77484,83.87809333333334,2482.7
17,7,42,41.774860000000004,83.87796333333333,2459.5
17,7,46,41.774875,83.87778333333333,2428.5
17,7,52,41.77492333333333,83.87766333333333,2382.2
17,8,2,41.77538666666666,83.87723333333334,2302.3
17,8,5,41.77536,83.87712666666667,2277.3
17,8,6,41.77537833333334,83.877125,0
17,8,13,41.77555833333333,83.87658833333334,2211.1
17,8,16,41.77552666666667,83.87652333333332,0
17,8,29,41.77579000000001,83.87563333333334,2085.7
17,8,33,41.77574,83.87556666666666,2055.1
17,8,39,41.775940000000006,83.87552333333333,2009.5
17,8,43,41.77610333333334,83.87521833333334,1978.9
17,8,49,41.77606666666667,83.87471833333332,1934.2
17,9,2,41.77625166666667,83.87448166666667,1838.0
17,9,5,41.77638166666667,83.87436833333335,1.0
17,9,13,41.77658833333333,83.87363166666667,1754.1
17,9,19,41.77647833333334,83.87325833333334,1708.1
17,9,29,41.77632666666667,83.87286999999999,1632.8
17,9,33,41.77635166666667,83.87285666666666,1602.0
17,9,39,41.77665166666667,83.87278666666667,1556.9
17,9,49,41.77724,83.87239166666669,1482.0
17,9,52,41.77740000000001,83.87220833333335,1459.5
17,10,3,41.77754166666667,83.87135833333332,1377.2
17,10,9,41.77751,83.87127333333335,1333.1
17,10,12,41.77757666666666,83.87132000000001,1310.6
17,10,16,41.77774666666666,0.0,0
17,10,19,41.777915,83.87132000000001,1258.9
17,10,23,41.778150000000004,83.87122166666668,1230.0
17,10,33,41.77853833333334,83.87065,1158.9
17,10,39,41.77849500000001,83.87050833333333,1115.3
17,10,43,41.77862166666667,83.870525,1085.2
17,10,52,41.778969999999994,83.869805,1018.7
17,10,59,41.77907666666667,83.86909833333333,968.0
17,11,5,41.779003333333335,83.86880000000001,0
17,11,9,41.77908833333333,83.86874833333334,895.7
17,11,12,41.77918833333333,83.86871166666667,874.2
17,11,13,41.779226666666666,83.86869833333334,867.0
17,11,19,41.77935166666666,83.86865666666667,823.8
17,11,23,41.779466666666664,83.86868333333332,794.9
17,11,29,41.77968166666666,83.86874000000002,753.3
17,11,33,41.77981666666666,83.86864166666668,725.6
17,11,39,41.77972333333334,83.86848,683.9
17,11,52,41.77918666666666,83.86930333333333,594.8
17,11,53,41.77914333333333,83.86937000000002,588.2
17,11,59,41.778978333333335,83.86972666666666,546.4
17,12,3,41.77882833333333,83.86995166666665,518.8
17,12,9,41.77861500000001,83.87017833333333,474.8
17,12,13,41.77848666666667,83.87022,446.5
17,12,23,41.77803666666667,83.87008833333333,377.8
17,12,29,41.77762833333333,83.86986,336.4
17,12,33,41.77723833333333,83.86976166666666,308.6
17,12,39,41.77664,83.86977166666665,267.6
17,12,43,41.77632333333333,83.869965,240.3
17,12,49,41.77617,83.87016166666666,205.5
17,12,53,41.77616666666666,83.87015666666666,199.5
17,12,56,41.77616666666666,83.87015666666666,16.0
17,13,2,41.77616666666666,83.87015833333335,198.4
17,13,5,41.77616666666666,83.87015833333335,198.4
17,13,9,41.77616666666666,83.87015666666666,198.4
17,13,12,41.77616666666666,83.87015666666666,198.3
17,13,33,41.77616666666666,83.87015666666666,198.4
17,13,39,41.77616666666666,83.87015666666666,198.4
17,13,49,41.77616666666666,83.87015666666666,198.5
17,14,5,41.77616666666666,83.87015500000001,198.5
17,14,13,41.77616666666666,83.87015500000001,198.6
17,14,23,41.77616666666666,83.87015500000001,198.6
17,14,29,41.77616666666666,83.87015500000001,198.6
17,14,33,41.77616666666666,83.87015500000001,198.6
17,14,39,41.77616666666666,83.87015500000001,198.7
17,14,49,41.77616666666666,83.87015500000001,198.7
17,14,53,41.77616666666666,83.87015500000001,198.7
17,14,59,41.77616666666666,83.87015500000001,198.7
17,15,15,41.77616666666666,83.87015333333332,0
17,15,16,41.77616666666666,83.87015333333332,0
17,15,23,41.77616666666666,83.87015333333332,198.8
17,15,33,41.77616666666666,83.87015333333332,198.9
17,15,43,41.77616666666666,83.87015333333332,198.9
17,15,52,41.77616666666666,83.87015333333332,198.9
17,15,59,41.77616666666666,83.87015333333332,198.9
17,16,6,41.77616666666666,83.87015333333332,-33.8
17,16,9,41.77616666666666,83.87015333333332,199.0
17,16,16,41.77616666666666,83.87015166666667,199.0
17,16,19,41.77616666666666,83.87015166666667,199.0
17,16,23,41.77616666666666,83.87015166666667,199.0
17,16,29,41.77616666666666,83.87015166666667,199.0
17,16,33,41.77616666666666,83.87015166666667,199.0
17,16,39,41.77616666666666,83.87015166666667,199.0
17,16,43,41.77616666666666,83.87015166666667,199.1
17,16,49,41.77616666666666,83.87015166666667,199.1
17,17,3,41.77616666666666,83.87015166666667,199.1
17,17,9,41.77616666666666,83.87015166666667,199.1
17,17,13,41.77616666666666,83.87015166666667,199.1
17,17,19,41.77616666666666,83.87015166666667,199.2
17,17,25,41.77616666666666,83.87015166666667,199.2
17,17,26,41.77616666666666,83.87015166666667,199.2
17,17,29,41.77616666666666,83.87015166666667,199.2
17,17,33,41.77616666666666,83.87015166666667,199.2
17,17,43,41.77616666666666,83.87015000000001,199.2
17,17,49,41.77616666666666,83.87015000000001,199.3
17,17,53,41.77616666666666,83.87015000000001,199.3
17,18,6,41.77616666666666,83.87015000000001,199.3
17,18,9,41.77616666666666,83.87015000000001,199.3
17,18,22,41.77616833333333,83.87015000000001,199.4
17,18,25,41.77616833333333,83.87015000000001,199.4
17,18,26,41.77616833333333,83.87015000000001,199.4
17,18,32,41.77616833333333,83.87015000000001,199.4
17,18,35,41.77616833333333,83.87015000000001,199.4
17,18,39,41.77616833333333,83.87015000000001,199.4
17,18,49,41.77616833333333,83.87015000000001,199.4
17,18,59,41.77616833333333,83.87015000000001,199.5
17,19,2,41.77616833333333,83.87015000000001,19.0
17,19,5,41.77616833333333,83.87015000000001,199.5
17,19,6,41.77616833333333,83.87015000000001,16.0
17,19,13,41.77616833333333,83.87015000000001,199.5
17,19,19,41.77616833333333,83.87014833333333,199.5
17,19,22,41.77616833333333,83.87014833333333,0
17,19,29,41.77616833333333,83.87014833333333,199.5
17,19,43,41.77616833333333,83.87014833333333,199.6
17,19,52,41.77616833333333,83.87014833333333,199.6
17,19,55,41.77616833333333,83.87014833333333,199.6
17,20,3,41.77616833333333,83.87014833333333,199.7
17,20,9,41.77616833333333,83.87014833333333,199.7
17,20,13,41.77616833333333,83.87014833333333,199.7
17,20,19,41.77616833333333,83.87014833333333,199.7
17,20,23,41.77616833333333,83.87014833333333,199.8
17,20,33,41.77616833333333,83.87014833333333,199.8
17,20,42,41.77616833333333,83.87014666666667,199.8
17,20,45,41.77616833333333,83.87014666666667,199.8
17,20,59,41.77616833333333,83.87014666666667,199.9
17,21,3,41.77616833333333,83.87014666666667,199.9
17,21,6,41.77616833333333,83.87014666666667,199.9
17,21,9,41.77616833333333,83.87014666666667,199.9
17,21,13,41.77616833333333,83.87014666666667,199.9
17,21,36,41.77616833333333,83.87014666666667,0
17,21,39,41.77616833333333,83.87014666666667,200.0
17,21,46,41.77616833333333,83.87014666666667,29.0
17,21,49,41.77616833333333,83.87014666666667,200.1
17,21,53,41.77616833333333,83.87014666666667,200.1
17,22,3,41.77616833333333,83.870145,200.1
17,22,6,41.77616833333333,83.870145,200.1
17,22,9,41.77616833333333,83.870145,200.1
17,22,13,41.77616833333333,83.870145,200.2
17,22,23,41.77616833333333,83.870145,200.2
17,22,29,41.77616833333333,83.870145,200.2
17,22,33,41.77616833333333,83.870145,200.2
17,22,55,41.77616833333333,83.870145,200.3
17,23,9,41.77616833333333,83.870145,200.4
17,23,13,41.77616833333333,83.870145,200.4
17,23,19,41.77616833333333,83.870145,200.4
17,23,29,41.77616833333333,83.87014333333333,200.4
17,23,43,41.77616833333333,83.87014333333333,200.5
17,24,13,41.77616833333333,83.87014333333333,200.6
17,24,19,41.77616833333333,83.87014333333333,200.6
17,24,22,41.77616833333333,83.87014333333333,200.6
17,24,25,41.77616833333333,83.87014333333333,0
17,24,33,41.77616833333333,83.87014333333333,200.7
17,24,39,41.77616833333333,83.87014333333333,200.7
17,24,43,41.77616833333333,83.87014333333333,200.7
17,24,49,41.77616833333333,83.87014333333333,200.7
17,24,52,41.77616833333333,83.87014333333333,200.7
17,24,56,41.77616833333333,83.87014333333333,200.8
17,25,9,41.77616833333333,83.87014166666668,200.8
17,25,13,41.77616833333333,83.87014166666668,200.8
17,25,19,41.77616833333333,83.87014166666668,200.9
17,25,39,41.77617,83.87014166666668,200.9
17,25,43,41.77617,83.87014166666668,200.9
17,25,55,41.77617,83.87014166666668,201.0
17,25,56,41.77617,83.87014166666668,0
17,26,3,41.77617,83.87014166666668,201.0
17,26,9,41.77617,83.87014166666668,201.1
17,26,19,41.77617,83.87014166666668,201.1
17,26,29,41.77617,83.87014166666668,201.1
17,26,33,41.77617,83.87014166666668,201.1
17,26,43,41.77617,83.87013999999999,201.2
17,26,53,41.77617,83.87013999999999,201.2
17,27,13,41.77617,83.87013999999999,201.3
17,27,19,41.77617,83.87013999999999,201.3
17,27,22,41.77617,83.87013999999999,0
17,27,29,41.77617,83.87013999999999,201.4
17,27,33,41.77617,83.87013999999999,201.4
17,27,39,41.77617,83.87013999999999,201.4
17,27,49,41.77617,83.87013999999999,201.5
17,28,6,41.77617,83.87013999999999,201.5
17,28,12,41.77617,83.87013833333334,0
17,28,15,41.77617,83.87013833333334,0
17,28,19,41.77617,83.87013833333334,201.6
17,28,23,41.77617,83.87013833333334,201.6
17,28,29,41.77617,83.87013833333334,201.6
17,28,39,41.77617,83.87013833333334,201.7
17,28,42,41.77617,83.87013833333334,201.7
17,28,43,41.77617,83.87013833333334,201.7
17,28,53,41.77617,83.87013833333334,201.7
17,28,56,41.77617,83.87013833333334,201.7
17,28,59,41.77617,83.87013833333334,201.7
17,29,3,41.77617,83.87013833333334,201.8
17,29,6,41.77617,83.87013833333334,201.8
17,29,9,41.77617,83.87013833333334,201.8
17,29,13,41.77617,83.87013833333334,201.8
17,29,25,41.77617,83.87013833333334,201.8
17,29,26,41.77617,83.87013833333334,201.8
17,29,33,41.77617,83.87013833333334,201.9
17,29,49,41.77617,83.87013833333334,201.9
17,29,56,41.77617,83.87013666666665,202.0
17,29,59,41.77617,83.87013666666665,202.0
17,30,3,41.77617,83.87013666666665,202.0
17,30,9,41.77617,83.87013666666665,202.0
17,30,19,41.77617,83.87013666666665,202.1
17,30,23,41.77617,83.87013666666665,202.1
17,30,35,41.77617,83.87013666666665,202.1
17,30,39,41.77617,83.87013666666665,202.1
17,30,49,41.77617,83.87013666666665,202.2
17,30,53,41.77617,83.87013666666665,202.2
17,31,3,41.77617,83.87013666666665,202.2
17,31,6,41.77617,83.87013666666665,202.2
17,31,9,41.77617,83.87013666666665,202.2
17,31,13,41.77617,83.87013666666665,202.3
17,31,19,41.77617,83.87013666666665,202.3
17,31,23,41.77617,83.87013666666665,202.3
17,31,29,41.77617,83.87013666666665,202.3
17,31,36,41.77617,83.87013666666665,202.3
17,31,42,41.77617,83.87013666666665,202.4
17,31,45,41.77617,83.87013666666665,0
17,31,53,41.77617,83.87013666666665,202.4
17,31,59,41.77617,83.87013666666665,202.4
17,32,2,41.77617,83.87013499999999,202.4
17,32,9,41.77617,83.87013499999999,202.5
17,32,19,41.77617,83.87013499999999,202.5
17,32,45,41.77617,83.87013499999999,202.6
17,32,49,41.77617,83.87013499999999,202.6
17,32,52,41.77617,83.87013499999999,202.6
17,33,6,41.77617,83.87013499999999,202.7
17,33,13,41.77617,83.87013499999999,202.7
17,33,19,41.77617,83.87013499999999,202.8
17,33,23,41.77617,83.87013499999999,202.8
17,33,39,41.77617,83.87013499999999,202.8
17,33,49,41.77617,83.87013499999999,202.8
17,33,52,41.77617,83.87013499999999,202.9
17,33,53,41.77617,83.87013499999999,202.9
17,33,55,41.77617,83.87013499999999,0
17,34,3,41.77617,83.87013666666665,202.9
17,34,13,41.77608166666667,83.87023166666668,204.4
17,34,16,41.776050000000005,83.87028000000001,204.7
17,34,19,41.776041666666664,83.87030333333333,205.0
17,34,23,41.776039999999995,83.87033333333332,205.0
17,34,29,41.776050000000005,83.87040499999999,205.2
17,34,33,41.77605333333333,83.870465,205.4
17,34,43,41.77608,83.87061,206.5
17,34,53,41.776065,83.87067333333334,207.7
17,34,59,41.77607833333333,83.87075333333333,208.0
17,35,9,41.77606833333333,83.87080499999999,209.3
17,35,13,41.77607,83.87084833333331,209.5
17,35,23,41.77607,83.87096500000001,210.4
17,35,26,41.776073333333336,0.0,0
17,35,29,41.77607666666666,83.87107333333333,210.4
17,35,32,41.77608,83.87112166666665,0
17,35,43,41.77607166666667,83.87126166666667,211.3
17,35,49,41.77605833333334,83.87133666666665,211.5
17,35,53,41.776041666666664,83.87138333333333,211.5
17,36,3,41.776050000000005,83.87151833333334,211.8
17,36,6,41.77605333333333,83.87156000000002,0
17,36,12,41.77603666666667,83.87164499999999,213.0
17,36,19,41.77602333333333,83.87170833333333,213.6
17,36,22,41.77602333333333,83.87172000000001,213.8
17,36,29,41.77602166666667,83.87173166666668,214.0
17,36,39,41.77600833333333,83.87172666666666,215.2
17,36,42,41.77601500000001,83.87172333333335,0
17,36,45,41.77601666666666,83.87172000000001,216.6
17,36,52,41.77601666666666,83.87172666666666,216.5
17,36,55,41.77601666666666,83.871725,216.5
17,36,56,41.77601666666666,83.871725,216.5
17,37,2,41.77602,83.87172166666666,216.4
17,37,5,41.77602,83.87172833333334,216.4
17,37,9,41.77601833333333,83.87172833333334,216.4
17,37,19,41.77601833333333,83.87173,216.3
17,37,29,41.77601833333333,83.87173,216.3
17,37,32,41.77601833333333,83.87173,0
17,37,33,41.77601833333333,83.87173,216.3
17,37,35,41.77601833333333,83.87173,0
17,37,46,41.77601833333333,83.87173,216.3
17,37,49,41.77601833333333,83.87173,216.3
17,37,53,41.77601666666666,83.87173333333334,216.2
17,37,59,41.77600833333333,83.87175166666665,216.1
17,38,3,41.77598166666667,83.87174166666667,215.6
17,38,13,41.77591333333333,83.87174333333333,215.0
17,38,23,41.775895000000006,83.87173,214.0
17,38,43,41.775875,83.87174666666667,212.0
17,38,45,41.775859999999994,83.87174666666667,0
17,38,49,41.775845,83.871755,212.0
17,38,52,41.775845,83.87175833333335,0
17,39,2,41.77584166666667,83.87175666666666,211.9
17,39,13,41.77584166666667,83.871755,211.9
17,39,19,41.77583833333333,83.87175833333335,211.9
17,39,23,41.77584,83.87175833333335,212.0
17,39,29,41.77583833333333,83.87176,212.0
17,39,33,41.77583833333333,83.87176,212.0
17,39,39,41.77583833333333,83.87176,212.0
17,39,43,41.77583833333333,83.87176,212.0
17,39,49,41.77583833333333,83.87176,212.0
17,39,53,41.77583833333333,83.87176,212.1
17,39,59,41.77583833333333,83.87176,212.1
17,40,3,41.77583666666666,83.87176,212.1
17,40,9,41.77583666666666,83.87176,212.1
17,40,13,41.775795,83.87175833333335,212.5
17,40,19,41.77571,83.87176166666669,212.9
17,40,23,41.775670000000005,83.87176833333334,213.6
17,40,29,41.77559666666666,83.87177000000001,214.4
17,40,36,41.77550333333333,83.87178833333334,215.2
17,40,39,41.775465000000004,83.87178166666666,215.4
17,40,43,41.775405,83.87177000000001,215.6
17,40,53,41.775261666666665,83.871755,216.2
17,40,59,41.77517666666666,83.87175833333335,215.9
17,41,9,41.77502500000001,83.87174166666667,217.2
17,41,12,41.77498166666666,83.87174833333331,217.8
17,41,16,41.77493,83.871745,218.6
17,41,19,41.77489166666666,83.87173666666668,23.0
17,41,22,41.77485333333334,83.87173499999999,219.1
17,41,25,41.77480333333333,83.87172833333334,219.2
17,41,29,41.774755000000006,83.87171500000001,219.5
17,41,35,41.77471666666667,83.871665,219.5
17,41,36,41.774710000000006,83.87166,219.4
17,41,39,41.77467333333334,83.87166,219.4
17,41,42,41.774631666666664,83.87166666666666,219.2
17,41,52,41.774515,83.87169333333334,216.8
17,42,2,41.774393333333336,83.87169166666666,216.4
17,42,13,41.77424666666668,83.871665,216.1
17,42,19,41.77417666666667,83.87168500000001,215.0
17,42,23,41.77413,83.87167666666667,214.8
17,42,26,41.77408666666667,83.87166833333335,0
17,42,29,41.77404666666666,83.87166166666665,214.9
17,42,36,41.77395,83.87165333333333,0
17,42,39,41.77391333333333,83.87165666666667,216.2
17,42,52,41.77373833333333,83.87163333333335,217.8
17,42,56,41.77369,83.87165000000002,218.5
17,43,15,41.773473333333335,83.87161666666667,218.3
17,43,19,41.77343333333333,83.87160999999999,218.4
17,43,22,41.77340833333333,83.871605,218.7
17,43,25,41.773381666666666,83.87160666666665,0
17,43,32,41.773295000000005,83.87163000000001,217.5
17,43,36,41.773244999999996,83.87162833333332,217.1
17,43,42,41.773215,83.87164166666668,216.8
17,43,49,41.773133333333334,83.87168166666667,217.4
17,43,53,41.773123333333324,83.87174666666667,217.2
17,43,55,41.773121666666675,83.87178166666666,0
17,44,13,41.773121666666675,83.87202833333335,217.5
17,44,23,41.773108333333326,83.87218333333334,217.9
17,44,33,41.773105,83.87233999999998,218.9
17,44,39,41.77309833333334,83.87243166666667,219.7
17,44,52,41.77309333333333,83.87261833333332,0
17,45,2,41.77308166666667,83.87275666666667,217.2
17,45,5,41.773076666666675,83.87282333333333,217.0
17,45,9,41.773076666666675,83.87290833333333,216.5
17,45,42,41.77308,83.87321833333333,214.4
17,45,45,41.77309,83.87325666666666,213.1
17,45,53,41.773068333333335,83.87337166666666,210.0
17,45,59,41.77306166666667,83.87348333333333,210.0
17,46,3,41.77307333333333,83.873565,210.7
17,46,15,41.77309,83.87359,210.6
17,46,16,41.77309166666667,83.87359,210.7
17,46,22,41.77310000000001,83.87359333333333,210.6
17,46,26,41.77310333333333,83.87359166666666,210.6
17,46,32,41.773109999999996,83.87358666666665,210.6
17,46,35,41.773111666666665,83.87358833333334,210.6
17,46,42,41.773108333333326,83.873595,0
17,46,52,41.77310666666667,83.87359333333333,0
17,46,55,41.77310666666667,83.87359166666666,210.7
17,47,2,41.773108333333326,83.87359,210.7
17,47,6,41.773108333333326,83.87358833333334,0
17,47,12,41.773076666666675,83.873615,210.7
17,47,15,41.77305500000001,83.87362166666665,210.6
17,47,22,41.77306,83.87360166666667,210.3
17,47,23,41.77305666666666,83.87359833333333,210.3
